08234
08241
08242
08243
08244
08245
08247
08248
08251
08252
08260
08270
082HH
08302
08310
08311
08312
08313
08314
08316
08317
08318
08319
08321
08322
08323
08324
08326
08327
08328
08329
08330
08332
08340
08341
08343
08344
08345
08346
08348
08349
08350
08352
08353
08360
08361
083HH
083XX
08401
08402
08403
08406
084HH
08501
08502
08505
08510
08511
08512
08514
08515
08518
08520
08525
08527
08528
08530
08533
08534
08535
08536
08540
08542
08550
08551
08553
08554
08555
08558
08559
08560
08561
08562
085HH
08608
08609
08610
08611
08618
08619
08620
08625
08628
08629
08638
08640
08641
08648
08690
08691
086HH
08701
08720
08721
08722
08723
08724
08730
08731
08732
08733
08734
08735
08736
08738
08740
08741
08742
08750
08751
08752
08753
08755
08757
08758
08759
087HH
087XX
08801
08802
08804
08805
08807
08809
08810
08812
08816
08817
08820
08821
08822
08823
08824
08825
08826
08827
08828
08829
08830
08831
08832
08833
08835
08836
08837
08840
08846
08848
08850
08852
08853
08854
08857
08858
08859
08861
08863
08865
08867
08869
08872
08873
08876
08879
08880
08882
08884
08886
08887
08889
088HH
08901
08902
08904
089HH
10001
10002
10003
10004
10005
10006
10007
10009
10010
10011
10012
10013
10014
10016
10017
10018
10019
10020
10021
10022
10023
10024
10025
10026
10027
10028
10029
10030
10031
10032
10033
10034
10035
10036
10037
10038
10039
10040
10041
10044
10048
10069
100HH
10103
10111
10112
10115
10119
10128
10152
10153
10154
10162
10165
10167
10169
10170
10171
10172
10173
10177
10271
10278
10279
10280
10282
102HH
10301
10302
10303
10304
10305
10306
10307
10308
10309
10310
10312
10314
103HH
10451
10452
10453
10454
10455
10456
10457
10458
10459
10460
10461
10462
10463
10464
10465
10466
10467
10468
10469
10470
10471
10472
10473
10474
10475
104HH
10501
10502
10503
10504
10506
10507
10509
10510
10511
10512
10514
10516
10518
10519
10520
10522
10523
10524
10526
